-1.357 61.107 95.688 -10.751 95.191 -16.510 -99.907 72.983 48.027 -95.310 66.172 84.541 -75.299 -50.552 48.313 87.283 -26.816 -59.551
9.331 96.580 -93.365 17.147 -22.486 24.120 67.072 57.980 50.521 -30.914 -55.482 -10.050
-89.253 -47.398 -11.700 62.845 -28.041 52.289 54.989 42.192 62.544 -83.759 -57.747 -21.191 -20.983 -15.501 28.930 -94.550 -75.790
62.407 21.577 26.360 -57.316 -64.720 -51.932 64.953 33.124 82.316 68.801 63.161 -13.419 74.021 -5.046 -12.729 -11.467 -26.162
-81.453 100.942 97.238 -43.495 -90.073 -94.066 92.678 -79.280 66.789 77.512 98.345 59.124 25.227 -0.992 23.770 92.439 -98.214 23.781 46.956 -91.786
-40.569 -41.388 66.072 49.534 -19.345 -34.473 -51.140 59.236 -19.189 83.102 -1.167 -76.278 -15.410 2.489 -85.381 23.995 14.304 -46.364 2.485 5.617
-87.305 29.846 30.661 -86.919 -23.918 -23.731 6.492 -87.856 62.811 70.017 55.326 76.486 86.904 -68.517 -97.856 10.877 -88.056
-81.699 -69.328 26.335 83.573 75.524 -76.908 -4.567 45.498 93.395 -60.825 -95.705 -68.202
-81.537 64.069 -80.503 -94.638 -49.712 9.740 29.521 49.971 -11.760 -86.197 2.224 49.847
-80.058 48.559 -74.879 19.845 -74.747 55.459 90.808 -45.945 96.617 35.146 -78.273 49.214 -11.693 43.513 69.251
45.576 -35.864 7.614 -42.074 -37.415 -18.613 90.006 62.151 98.565 -1.894 40.866
-90.595 -100.294 -39.452 95.544 -44.333 -10.112 -66.264 5.715 -56.736 -85.362 -63.233 38.171 -56.540 -27.532 20.193 28.705 -57.170 69.888 23.146
-89.705 -94.254 50.760 -8.500 68.153 58.845 27.184 -73.011 -77.814 53.210 -68.485 46.707 -18.923 24.898 24.210 -6.119 -3.313 40.227 -11.059
80.841 14.583 -51.597 50.249 -18.673 26.680 -67.164 -92.213 4.390 -40.680 78.302 27.260 -31.618 -97.716 -94.960
34.731 -29.968 28.304 34.537 -31.728 14.311 -63.038 25.499 -39.344 -38.780 63.687
11.331 86.376 91.809 -36.489 -80.660 -38.200 -87.891 -64.850 -40.934 -29.598 -97.027 -27.028 -85.122
-7.481 -25.114 -89.720 -93.964 -53.364 41.535 -36.321 29.522 81.319 -50.936 -49.107 74.021 -68.871 3.721 73.356 31.404 -52.246 -82.336
34.516 -100.398 -34.800 -0.008 91.523 -80.834 -94.138 -39.101 39.358 74.657 -34.046 0.099 -67.740 41.203 9.796
95.033 24.156 -64.116 97.650 -70.698 37.281 -42.480 -45.761 -26.226 -71.014 -86.225 -94.597
11.862 68.988 -70.269 21.461 -4.717 75.036 -16.376 80.795 -55.657 51.427 -86.951 27.223 -34.620 -35.551 -13.886
